   1 # StringTie version 1.3.6
   1 # stringtie stdout.bam -G BDGP6.Ensembl.81.gtf -o alignmentSRR -e -B -p 4
   2 211000022278158
   2 211000022278279
   2 211000022278282
   2 211000022278298
   2 211000022278307
   2 211000022278309
   2 211000022278436
   3 211000022278449
   2 211000022278498
   2 211000022278522
   2 211000022278603
   2 211000022278604
   2 211000022278664
   2 211000022278724
   2 211000022278750
   3 211000022278760
   2 211000022278875
   2 211000022278877
   2 211000022278878
   2 211000022278879
   2 211000022278880
   2 211000022278985
   2 211000022279055
   2 211000022279108
   2 211000022279132
   2 211000022279134
   2 211000022279165
   4 211000022279188
   2 211000022279222
   2 211000022279264
   2 211000022279342
   2 211000022279392
   2 211000022279446
   2 211000022279528
   2 211000022279529
   2 211000022279531
   2 211000022279555
   2 211000022279681
   2 211000022279708
   2 211000022280133
   5 211000022280328
   2 211000022280341
   2 211000022280347
   2 211000022280481
   4 211000022280494
   2 211000022280645
   2 211000022280703
39379 2L
45478 2R
41023 3L
51029 3R
3508 4
  17 Unmapped_Scaffold_8
40109 X
 254 Y
  74 dmel_mitochondrion_genome
  40 rDNA
